ret: 0.3961576495035636
mtx:
 [[1.31688101e+03 0.00000000e+00 9.66128276e+02]
 [0.00000000e+00 1.31720898e+03 5.34038509e+02]
 [0.00000000e+00 0.00000000e+00 1.00000000e+00]]
dist畸变值:
 [[-3.56536017e-01  2.12249787e-01 -1.24758904e-04  9.01910398e-04
  -9.52484138e-02]]
rvecs旋转（向量）外参:
 (array([[-0.24551082],
       [ 0.40451468],
       [ 1.24864134]]), array([[ 0.34739998],
       [-0.07961596],
       [ 1.51307489]]), array([[-0.24001146],
       [ 0.29116096],
       [ 0.52900121]]), array([[-0.40485622],
       [ 0.21719577],
       [ 0.35211419]]), array([[-0.24618841],
       [ 0.19042538],
       [ 1.01238275]]), array([[-0.2576289 ],
       [ 0.10033262],
       [ 1.51223154]]), array([[-0.35002034],
       [-0.06219128],
       [-0.07485475]]), array([[-0.4170788 ],
       [-0.34947634],
       [ 0.11955246]]), array([[-0.36262388],
       [-0.59062683],
       [ 0.1841451 ]]), array([[-0.26003704],
       [-0.7366514 ],
       [-0.06842765]]), array([[-0.53564592],
       [-0.29843252],
       [ 0.96092584]]), array([[-0.4346113 ],
       [-0.16913725],
       [ 0.08338256]]), array([[0.10404916],
       [0.2928446 ],
       [1.38502419]]), array([[-0.19311156],
       [-0.20589728],
       [ 0.2578235 ]]), array([[-0.16779238],
       [-0.24586499],
       [ 1.15287108]]), array([[ 0.09572322],
       [-0.2475231 ],
       [ 0.06660976]]), array([[ 0.2091672 ],
       [-0.20840156],
       [ 1.01105698]]), array([[ 0.13913968],
       [-0.55348449],
       [ 3.03595223]]), array([[-0.23947889],
       [-0.18151029],
       [ 1.2620182 ]]), array([[-0.0291124 ],
       [-0.57103229],
       [-0.1331031 ]]), array([[-0.50770539],
       [-0.08051202],
       [ 0.13950113]]), array([[-0.25936777],
       [ 0.47839828],
       [ 0.86939362]]), array([[0.36960965],
       [0.43715189],
       [1.56500774]]), array([[0.55247735],
       [0.35379131],
       [0.78355714]]), array([[-0.61623275],
       [ 0.2256729 ],
       [ 0.68509816]]), array([[-0.45600763],
       [-0.48864983],
       [ 0.02057896]]), array([[-0.41310237],
       [-0.67039051],
       [ 0.31393897]]), array([[-0.22086744],
       [-0.01930823],
       [ 1.21908744]]), array([[-0.08767815],
       [ 0.12256953],
       [ 1.36947609]]), array([[-0.0939889 ],
       [ 0.21069365],
       [ 0.24775214]]), array([[0.15376611],
       [0.39032503],
       [1.47376106]]))
tvecs平移（向量）外参:
 (array([[-27.04967938],
       [-35.69109525],
       [467.3942722 ]]), array([[ 69.94541077],
       [-28.48071436],
       [440.55282395]]), array([[-38.26873378],
       [-79.94691599],
       [470.86341538]]), array([[ -62.936722  ],
       [-116.55200835],
       [ 515.05716197]]), array([[ 52.7210152 ],
       [-79.227769  ],
       [427.41454882]]), array([[-25.47172442],
       [-74.3294143 ],
       [299.10821748]]), array([[-88.88533364],
       [-64.22922598],
       [365.07433323]]), array([[-48.51898018],
       [-66.36130667],
       [341.21040306]]), array([[-110.14439995],
       [ -90.88568615],
       [ 322.97976748]]), array([[-97.48326858],
       [-77.32551759],
       [336.00331224]]), array([[ -17.58660539],
       [-119.88780049],
       [ 340.33275517]]), array([[-30.15763042],
       [-73.68418083],
       [317.13286202]]), array([[  -2.26619879],
       [-107.75549146],
       [ 313.7973394 ]]), array([[-13.28057954],
       [-79.51177736],
       [321.67248337]]), array([[ 16.94877516],
       [-95.04065458],
       [384.75738027]]), array([[-61.94303481],
       [-68.15110711],
       [311.8416444 ]]), array([[ 76.14323113],
       [-98.68878305],
       [331.88148816]]), array([[106.14756773],
       [ 64.93163924],
       [345.31492453]]), array([[106.54016799],
       [-98.6256075 ],
       [344.55519828]]), array([[ -9.14812631],
       [-66.97121781],
       [261.56702373]]), array([[ -41.41154044],
       [-106.9517226 ],
       [ 369.47823703]]), array([[  22.27615684],
       [-117.22738538],
       [ 377.22731409]]), array([[ 52.0632011 ],
       [-85.87520926],
       [304.78525389]]), array([[  97.37349506],
       [-114.55527557],
       [ 325.97902307]]), array([[ -75.14974942],
       [-101.85053644],
       [ 414.16258607]]), array([[-41.78886728],
       [-77.54471857],
       [323.30904635]]), array([[-73.63608445],
       [-63.98551867],
       [336.57878458]]), array([[  21.7386352 ],
       [-105.25406175],
       [ 379.41531176]]), array([[ 161.97013938],
       [-113.88265695],
       [ 368.7146801 ]]), array([[   5.51932567],
       [-113.30887918],
       [ 406.95096557]]), array([[  3.35605407],
       [-73.51751503],
       [290.01256362]]))
newcameramtx外参 [[1.31566162e+03 0.00000000e+00 9.65233696e+02]
 [0.00000000e+00 1.29376123e+03 5.57710290e+02]
 [0.00000000e+00 0.00000000e+00 1.00000000e+00]]