430_22954804618jpg 5 457 32 478 1 164 321 247 406 2 351 274 404 324 1 332 147 436 252 0 185 265 239 317 1 335 329 425 418 2
480_19713590169jpg 302 274 353 325 1 100 211 211 316 0 326 100 442 211 0 283 327 373 418 2 105 322 193 415 2
600_23264768055jpg 316 276 348 321 1 304 95 416 200 0 290 324 374 407 2
790_21872394270jpg 508 272 564 325 1 337 207 443 309 0 328 333 421 418 2 508 332 594 417 2
610_19719591555jpg 302 274 352 325 1 315 99 429 204 0 100 212 211 316 0 282 328 372 417 2 107 323 196 413 2
730_21869652520jpg 350 275 398 325 1 508 272 564 326 1 339 150 445 253 0 328 329 424 419 2 507 332 596 417 2
970_21880608948jpg 506 272 561 325 1 338 213 446 318 0 326 331 423 417 2 504 331 592 413 2
500_23260137544jpg 317 274 350 320 1 279 94 384 198 0 289 324 375 411 2
480_19726915511jpg 488 216 609 324 0 327 134 436 239 0 346 273 397 324 1 332 328 423 417 2 506 329 594 413 2
150_23243961219jpg 317 275 350 319 1 260 92 364 196 0 288 323 375 401 2
535_19716118672jpg 302 273 354 325 1 293 98 407 205 0 100 212 212 317 0 284 329 373 415 2 107 323 193 415 2
550_19716819341jpg 302 273 352 324 1 99 211 213 316 0 286 99 400 205 0 108 322 198 411 2 285 329 374 419 2
665_22965295868jpg 163 321 245 408 2 5 458 31 479 1 306 151 412 247 0 352 273 404 325 1 186 265 241 317 1 336 329 426 420 2
475_19713346458jpg 325 102 441 213 0 302 273 352 324 1 100 212 211 316 0 282 327 375 416 2 109 323 197 414 2
290_22948338879jpg 5 457 31 478 1 165 323 253 406 2 332 109 436 212 0 352 274 403 323 1 185 267 242 319 1 337 331 426 412 2
495_22957702201jpg 165 321 246 406 2 5 458 32 479 1 309 151 415 250 0 351 273 404 324 1 186 265 241 317 1 339 330 429 416 2
680_21867356361jpg 508 272 564 326 1 349 276 399 327 1 334 143 442 247 0 327 329 414 417 2 508 331 593 418 2
540_19729657261jpg 494 214 610 324 0 346 273 397 324 1 332 154 444 261 0 327 331 421 417 2 505 329 594 414 2
750_21870566436jpg 349 283 398 328 1 508 272 564 325 1 339 179 444 284 0 332 329 423 419 2 508 331 599 418 2
340_23252734819jpg 317 275 350 319 1 283 92 387 197 0 289 322 376 405 2
690_21867824686jpg 507 272 564 326 1 349 276 399 327 1 339 145 444 248 0 329 330 424 419 2 506 330 597 417 2
335_22950440888jpg 164 321 247 406 2 5 457 32 478 1 303 109 417 217 0 353 273 405 324 1 186 267 241 318 1 336 327 428 412 2
540_19716362383jpg 302 273 353 324 1 291 97 404 205 0 100 211 212 316 0 108 323 194 413 2 285 330 374 416 2
860_19744279928jpg 494 214 610 323 0 340 122 452 229 0 347 273 397 324 1 326 329 423 417 2 504 328 595 415 2
10_23913596225jpg 320 37 414 135 0 366 268 414 319 1 351 325 446 407 2
660_19735140761jpg 492 214 610 323 0 342 123 450 228 0 346 273 397 324 1 328 330 424 416 2 500 328 596 415 2
80_23240732047jpg 372 98 476 199 0 316 274 348 320 1 289 323 374 400 2
660_23267540269jpg 317 275 350 319 1 280 94 384 198 0 288 322 376 402 2
680_19736054678jpg 495 213 610 326 0 334 150 444 255 0 346 273 397 324 1 327 327 421 416 2 501 327 595 416 2
470_19713133210jpg 302 273 352 324 1 100 211 211 316 0 323 100 440 211 0 283 329 372 420 2
460_22956170146jpg 163 320 245 406 2 5 457 32 478 1 330 149 430 250 0 351 273 404 324 1 185 267 239 318 1 337 328 428 419 2
670_21866954648jpg 508 272 564 325 1 347 275 397 325 1 335 145 444 253 0 329 328 422 418 2 507 329 595 417 2
745_19725836652jpg 302 273 352 324 1 296 96 412 207 0 100 213 212 316 0 108 322 199 413 2 284 330 374 422 2
260_23249048688jpg 362 100 458 198 0 316 275 348 319 1 287 324 374 403 2
510_22958401618jpg 5 457 32 478 1 163 321 245 406 2 304 151 412 247 0 351 273 404 325 1 186 265 241 317 1 337 329 428 422 2
760_21871023395jpg 508 273 564 327 1 339 192 445 294 0 329 328 425 417 2 508 332 597 418 2
375_22952268721jpg 5 458 32 479 1 163 321 245 406 2 313 150 416 247 0 351 273 404 325 1 186 265 241 317 1 340 330 425 418 2
415_22954138507jpg 5 458 31 479 1 160 325 245 408 2 331 151 429 251 0 351 274 404 324 1 185 265 242 319 1 334 329 427 421 2
340_23928695742jpg 340 36 428 135 0 366 268 414 319 1 350 321 441 405 2
310_23251363944jpg 317 274 350 320 1 270 92 374 197 0 288 324 374 403 2
980_21881065906jpg 506 272 561 325 1 339 221 445 325 0 328 332 422 418 2 504 331 589 417 2
630_19720505472jpg 301 274 353 325 1 325 96 443 208 0 100 211 212 316 0 283 328 371 417 2 107 321 199 412 2
190_23245819516jpg 317 276 350 321 1 296 91 403 199 0 289 323 376 400 2
1030_19752048219jpg 491 214 610 324 0 341 122 450 227 0 346 273 397 324 1 326 330 422 417 2 501 328 595 414 2
580_22961499035jpg 4 457 31 478 1 163 321 245 408 2 329 149 430 250 0 352 273 406 324 1 185 267 239 318 1 337 329 428 417 2
490_19714047127jpg 301 274 353 325 1 322 100 438 205 0 100 212 212 316 0 284 329 374 419 2 108 322 195 413 2
370_22952055474jpg 5 458 31 479 1 163 320 245 406 2 351 273 404 324 1 304 150 414 249 0 186 265 241 317 1 338 329 428 416 2
615_22963064396jpg 163 320 245 406 2 5 457 32 478 1 330 150 429 249 0 353 273 405 324 1 187 268 237 318 1 336 329 426 413 2
30_23238416791jpg 317 275 350 319 1 294 94 398 197 0 290 322 377 401 2
1020_19751591261jpg 495 214 609 327 0 346 273 397 324 1 337 128 446 233 0 328 332 423 417 2 500 330 595 413 2
1080_21885635489jpg 506 279 561 331 1 339 229 445 333 0 326 338 414 424 2 505 336 596 421 2
400_23255537497jpg 372 100 476 199 0 315 274 348 320 1 289 323 372 402 2
650_19734683803jpg 492 216 610 325 0 346 126 453 228 0 346 273 397 324 1 325 330 423 418 2 504 330 597 414 2
500_19727829428jpg 490 214 610 324 0 330 134 438 239 0 346 273 397 324 1 332 327 421 417 2 505 329 595 415 2
650_23942861450jpg 323 37 416 136 0 366 268 414 319 1 351 323 444 405 2
770_19740167303jpg 491 215 608 323 0 332 200 442 305 0 325 328 423 417 2 501 329 596 416 2
510_19728286386jpg 495 217 609 325 0 336 133 444 238 0 346 273 397 324 1 328 329 425 418 2 503 329 594 416 2
625_22963497368jpg 5 457 32 478 1 165 320 246 406 2 323 153 428 249 0 351 273 404 324 1 185 265 239 317 1 338 331 426 415 2
455_19712432541jpg 301 274 353 325 1 100 213 212 316 0 318 79 433 187 0 282 329 374 413 2 105 322 204 412 2
440_22955270896jpg 4 457 31 478 1 165 320 246 406 2 352 273 406 324 1 333 148 439 253 0 185 267 239 318 1 336 330 427 418 2
580_21862842023jpg 352 92 462 200 0 508 272 564 326 1 347 275 397 325 1 327 330 429 419 2 508 328 595 417 2
270_23249505647jpg 315 274 348 320 1 340 96 443 201 0 288 323 375 399 2
660_22965062729jpg 163 319 245 406 2 5 458 32 479 1 306 151 413 249 0 352 273 404 325 1 186 265 241 317 1 339 328 428 418 2
345_22950897846jpg 5 458 31 479 1 163 323 248 406 2 302 117 414 223 0 352 273 404 324 1 186 267 241 318 1 336 329 427 416 2
650_19721449852jpg 300 274 351 325 1 324 99 440 207 0 100 211 212 316 0 284 327 374 413 2 108 323 190 414 2
610_23941033617jpg 366 268 414 319 1 351 322 449 405 2 360 41 454 134 0
465_22956369979jpg 163 320 245 406 2 5 457 32 478 1 330 150 428 249 0 352 273 404 324 1 185 267 239 318 1 336 329 428 423 2
570_19731028136jpg 494 216 608 324 0 347 278 396 326 1 332 170 444 277 0 326 327 423 416 2 502 330 594 415 2
420_22954371646jpg 5 457 31 478 1 163 320 245 406 2 332 148 432 251 0 352 273 406 324 1 185 267 239 319 1 336 329 427 416 2
735_19725379694jpg 302 274 353 325 1 291 99 404 204 0 100 211 212 316 0 107 323 200 414 2 282 328 372 421 2
810_19741995136jpg 495 214 610 325 0 346 274 397 325 1 333 149 443 254 0 328 328 426 416 2 503 329 598 415 2
455_22955937007jpg 4 457 32 478 1 163 321 245 408 2 329 148 434 253 0 351 273 404 324 1 186 267 241 319 1 336 330 428 421 2
890_21876963853jpg 349 275 398 325 1 508 272 564 326 1 341 151 447 256 0 328 328 427 416 2 507 329 594 415 2
525_22959067729jpg 165 321 246 406 2 5 457 31 478 1 307 151 413 248 0 351 271 404 323 1 186 265 241 319 1 335 330 428 424 2
50_23239330708jpg 317 275 350 319 1 342 96 446 202 0 288 323 376 400 2
860_21875592978jpg 508 272 564 326 1 349 276 399 327 1 340 143 446 247 0 328 330 424 418 2 507 329 594 415 2
930_21878781114jpg 508 272 564 325 1 339 204 445 309 0 330 331 423 419 2 507 329 595 416 2
800_19741538178jpg 492 214 610 325 0 347 274 397 323 1 333 161 442 266 0 327 328 423 416 2 502 328 593 415 2
1040_19752505178jpg 493 214 610 324 0 346 124 457 228 0 346 273 398 324 1 327 330 420 415 2 503 329 594 412 2
645_19721206141jpg 302 274 352 325 1 100 212 212 316 0 325 96 443 208 0 107 323 194 417 2 281 328 374 418 2
170_23920927450jpg 325 33 419 135 0 366 268 414 319 1 351 322 443 406 2
700_19723765108jpg 302 273 352 324 1 291 99 403 204 0 100 211 212 316 0 107 321 190 413 2 282 330 376 417 2
645_22964396618jpg 5 457 32 478 1 165 320 246 406 2 312 151 419 250 0 352 274 404 324 1 185 265 239 317 1 339 329 428 416 2
670_19722363769jpg 301 274 353 325 1 314 96 429 207 0 100 211 212 316 0 284 327 374 415 2 107 322 193 411 2
790_19741081219jpg 494 215 608 324 0 347 280 397 327 1 332 174 442 279 0 327 329 422 416 2 503 330 593 416 2
400_22953496596jpg 163 324 250 406 2 322 153 426 246 0 352 273 404 324 1 186 265 241 317 1 335 330 427 420 2
290_19718233303jpg 494 217 609 326 0 346 273 398 324 1 348 19 456 124 0 332 329 424 415 2 504 329 593 416 2
465_19712889499jpg 301 274 353 325 1 100 211 212 316 0 322 95 438 203 0 284 327 374 420 2
295_22948582590jpg 5 458 32 479 1 162 322 244 403 2 353 274 405 324 1 186 267 241 319 1 337 333 427 415 2 330 112 436 209 0
380_22952520957jpg 165 319 246 406 2 314 152 419 246 0 351 273 404 324 1 186 265 241 317 1 337 329 426 417 2
300_22948826301jpg 161 322 243 402 2 324 108 432 216 0 5 457 31 480 1 353 274 405 324 1 186 267 241 318 1 339 331 425 416 2
840_19743366011jpg 492 214 610 324 0 347 124 453 228 0 346 273 398 324 1 328 329 421 416 2 503 328 593 413 2
180_23921384409jpg 340 37 428 133 0 366 268 414 319 1 350 323 443 404 2
510_23936464034jpg 350 45 426 130 0 366 268 414 319 1 351 321 437 407 2
460_19726001594jpg 498 214 609 324 0 340 128 448 232 0 346 273 397 324 1 333 329 419 417 2 505 331 594 416 2
960_19748849511jpg 490 217 608 325 0 332 202 444 308 0 326 331 421 417 2 501 329 591 413 2
525_19715661713jpg 302 272 354 325 1 299 98 415 206 0 100 211 210 318 0 284 329 373 420 2 106 322 191 414 2
340_22950654135jpg 5 457 31 478 1 164 321 247 407 2 306 109 414 217 0 352 273 404 324 1 186 265 241 317 1 336 330 428 420 2
900_19746107761jpg 490 216 608 327 0 346 283 394 326 1 334 178 446 285 0 326 330 421 417 2 502 327 595 413 2
890_19745650803jpg 494 214 609 326 0 345 276 395 325 1 332 166 444 271 0 326 327 421 417 2 501 328 595 413 2
580_19718220680jpg 302 274 353 325 1 100 211 212 316 0 294 99 406 204 0 281 325 375 419 2 108 321 205 413 2
445_19711975583jpg 301 274 354 325 1 99 211 213 316 0 312 78 426 186 0 282 327 372 416 2
150_23920013534jpg 320 36 406 132 0 366 268 414 319 1 354 323 442 407 2
500_19714504085jpg 302 273 352 324 1 320 99 434 204 0 100 213 211 316 0 282 328 372 417 2 105 322 201 415 2
640_19720992894jpg 302 274 352 325 1 327 96 444 208 0 100 213 211 316 0 281 328 374 413 2 107 323 195 412 2
520_23261081925jpg 314 95 418 199 0 316 274 348 320 1 289 324 374 407 2
420_19724173761jpg 490 216 610 326 0 370 90 478 195 0 346 273 398 324 1 332 329 421 416 2 504 330 592 414 2
210_23246733433jpg 316 274 348 320 1 341 96 445 202 0 289 322 375 403 2
560_22960599785jpg 5 458 31 479 1 320 154 428 252 0 164 321 247 406 2 351 273 404 325 1 185 267 239 318 1 338 331 428 418 2
190_23921841367jpg 366 268 414 319 1 354 323 443 404 2 358 32 451 133 0
630_22963730507jpg 5 458 32 479 1 165 321 246 406 2 316 151 427 250 0 352 273 404 324 1 186 265 241 317 1 336 330 420 414 2
120_23242559880jpg 317 276 350 321 1 305 94 411 202 0 290 324 374 403 2
230_23247647350jpg 368 98 470 199 0 315 275 348 319 1 288 324 374 404 2
490_22957502368jpg 5 458 32 479 1 163 320 245 406 2 307 150 417 252 0 351 273 404 325 1 186 265 241 317 1 338 327 426 417 2
590_19718677638jpg 302 273 353 324 1 100 211 211 316 0 300 96 415 207 0 283 327 374 418 2 105 322 202 413 2
310_22949283260jpg 164 323 248 405 2 5 457 32 478 1 323 109 429 215 0 353 274 405 325 1 185 267 239 318 1 339 329 425 410 2
290_23250450027jpg 316 274 348 320 1 296 94 400 199 0 289 324 376 406 2
630_21865126814jpg 350 275 398 325 1 507 272 564 326 1 318 134 426 239 0 329 330 418 419 2 510 331 596 419 2
575_19717976969jpg 302 273 352 324 1 100 211 212 316 0 289 99 403 204 0 285 328 376 417 2 108 323 204 414 2
570_21862385064jpg 348 93 456 199 0 347 275 397 325 1 508 272 564 326 1 329 330 426 417 2 505 329 593 416 2
200_23246276475jpg 309 96 426 202 0 316 276 348 321 1 288 322 374 400 2
705_19723978355jpg 301 273 353 325 1 100 211 212 316 0 288 99 400 205 0 106 323 201 413 2 283 328 374 418 2
570_22961066063jpg 4 458 31 479 1 163 321 245 406 2 320 151 430 251 0 351 274 404 324 1 186 267 241 319 1 333 327 425 405 2
540_21861014189jpg 508 272 564 326 1 347 275 397 325 1 354 79 462 184 0 329 330 422 420 2 508 330 588 416 2
440_23257365330jpg 322 96 428 202 0 315 276 348 321 1 288 323 374 402 2
590_22961965313jpg 165 320 246 406 2 329 148 434 253 0 352 273 406 324 1 185 265 239 317 1 336 330 427 411 2
90_23241189005jpg 367 99 469 199 0 316 276 348 321 1 289 322 374 403 2
405_22953712868jpg 5 458 31 479 1 165 324 249 406 2 316 152 428 250 0 352 273 404 325 1 186 267 241 319 1 338 329 425 409 2
620_19733312928jpg 494 214 609 323 0 327 127 437 231 0 346 274 397 325 1 327 331 424 415 2 504 328 594 416 2
100_23241645963jpg 354 96 457 201 0 316 274 348 320 1 288 325 375 404 2
675_19722607480jpg 302 274 353 325 1 308 97 424 207 0 99 211 213 316 0 108 321 200 413 2 284 327 372 419 2
560_19730571178jpg 495 216 610 325 0 347 278 396 325 1 333 172 445 279 0 328 330 419 416 2 503 331 595 413 2
545_19716575630jpg 302 274 353 325 1 287 97 401 205 0 100 211 211 316 0 283 327 372 417 2 108 321 201 413 2
470_23934636200jpg 336 36 422 133 0 366 268 414 319 1 351 322 440 407 2
580_23263854138jpg 348 94 456 200 0 316 274 348 320 1 287 322 374 408 2
460_19712645788jpg 301 274 353 325 1 320 84 436 196 0 99 211 213 316 0 284 327 376 417 2 105 322 193 412 2
390_22953009174jpg 5 458 31 479 1 163 322 250 407 2 312 151 422 248 0 352 273 404 324 1 185 265 239 317 1 338 329 425 413 2
480_22957036090jpg 5 458 32 479 1 163 321 245 408 2 320 147 424 252 0 351 273 404 324 1 185 265 239 317 1 337 329 425 420 2
10_23237482983jpg 317 275 350 319 1 258 92 362 197 0 288 324 376 406 2
1030_21883350698jpg 508 279 562 331 1 338 229 446 333 0 328 339 416 424 2 508 336 597 422 2
630_23941947534jpg 328 36 420 135 0 366 268 414 319 1 349 323 443 404 2
380_23254593116jpg 363 100 460 198 0 315 274 348 320 1 289 324 374 405 2
715_19724435313jpg 302 273 352 324 1 100 211 212 316 0 285 99 398 204 0 106 323 199 414 2 283 327 376 420 2
220_23247190391jpg 359 99 461 199 0 315 276 348 321 1 289 323 376 401 2
820_19742452094jpg 496 214 610 325 0 336 137 444 241 0 347 273 397 324 1 328 330 422 417 2 504 329 593 412 2
800_21872851228jpg 508 272 564 325 1 337 206 443 310 0 328 331 425 417 2 504 330 593 417 2
695_19723521397jpg 301 273 353 324 1 293 99 407 204 0 100 211 212 316 0 105 322 201 413 2 281 327 374 420 2
555_22960399951jpg 5 457 31 478 1 164 321 244 406 2 315 151 425 252 0 353 274 405 325 1 187 268 237 318 1 337 329 427 417 2
635_22963963646jpg 165 321 246 406 2 316 153 424 250 0 188 266 239 316 1 352 273 404 325 1 337 329 427 416 2
560_21861928106jpg 346 93 454 199 0 347 275 397 325 1 508 272 564 326 1 328 331 421 419 2 511 332 591 417 2
600_19719134597jpg 302 274 353 325 1 99 211 213 316 0 307 100 421 205 0 281 327 374 417 2 105 323 200 414 2
840_21874679061jpg 507 272 564 326 1 349 275 398 325 1 338 159 445 265 0 328 329 421 417 2 507 330 591 420 2
520_19728743344jpg 490 214 610 322 0 337 134 446 239 0 346 273 397 324 1 332 330 422 416 2 503 329 596 414 2
640_23266626352jpg 317 275 350 320 1 262 91 366 196 0 289 322 376 405 2
1060_21884721573jpg 506 279 561 331 1 338 229 445 333 0 328 339 430 423 2 504 336 587 422 2
315_22949496507jpg 5 458 32 479 1 165 321 246 405 2 312 111 428 216 0 351 273 404 324 1 185 267 242 318 1 337 330 422 412 2
450_23257822288jpg 317 274 350 320 1 297 94 406 199 0 288 322 375 409 2
880_19745193844jpg 490 214 610 323 0 346 274 398 325 1 334 151 446 259 0 326 329 423 416 2 503 329 594 417 2
620_21864669856jpg 322 136 428 238 0 508 272 564 326 1 347 275 397 325 1 328 331 423 419 2 508 330 598 420 2
450_19712188830jpg 301 274 353 325 1 99 211 213 316 0 315 78 429 187 0 281 328 375 417 2
665_19722150522jpg 301 274 353 325 1 100 213 211 316 0 317 100 431 205 0 281 329 374 420 2 107 321 194 414 2
680_19722820727jpg 302 274 352 325 1 100 211 211 316 0 303 98 417 205 0 284 327 374 414 2 106 322 196 411 2
505_22958168479jpg 165 321 246 405 2 5 457 32 478 1 304 151 412 247 0 351 273 404 324 1 188 268 239 318 1 337 329 424 421 2
630_19733769886jpg 494 216 610 324 0 331 121 441 226 0 346 273 397 324 1 328 331 421 415 2 503 330 594 415 2
1010_19751134303jpg 492 214 610 324 0 338 142 446 244 0 347 273 397 324 1 326 331 422 415 2 503 328 594 414 2
440_19711731872jpg 302 273 352 324 1 99 211 213 316 0 305 78 421 187 0 284 327 375 414 2 106 321 199 412 2
990_21881522864jpg 508 274 562 328 1 339 223 445 328 0 326 335 425 420 2 505 332 583 419 2
820_21873765145jpg 347 288 397 327 1 508 273 564 327 1 339 181 445 287 0 329 332 421 419 2 508 331 594 418 2
920_19747021678jpg 494 217 605 324 0 332 203 444 308 0 326 329 422 418 2 501 331 594 414 2
395_22953252885jpg 5 458 32 478 1 163 320 245 407 2 316 151 424 250 0 351 273 404 324 1 188 268 239 318 1 337 332 423 419 2
420_23256451413jpg 363 99 461 198 0 315 274 348 320 1 288 323 373 406 2
850_21875136020jpg 350 275 398 325 1 509 272 565 326 1 341 146 447 251 0 328 328 422 417 2 510 331 597 417 2
350_23253222241jpg 316 275 348 319 1 298 93 406 198 0 289 322 375 400 2
515_19715204755jpg 302 274 353 325 1 308 96 424 207 0 99 212 213 317 0 285 328 373 420 2 104 322 196 414 2
370_23254136158jpg 316 274 348 320 1 341 97 443 200 0 290 323 375 405 2
470_22956603118jpg 163 321 245 408 2 5 457 32 478 1 324 153 428 250 0 351 274 404 324 1 185 265 239 317 1 334 329 425 421 2
710_19737425553jpg 498 215 608 324 0 332 190 442 295 0 326 330 421 418 2 500 329 592 414 2
200_23922298325jpg 365 268 415 319 1 351 324 442 407 2 380 40 467 135 0
495_19714290838jpg 300 274 351 325 1 320 100 436 205 0 100 212 211 316 0 282 328 371 415 2 108 322 196 410 2
640_23942404492jpg 322 37 414 136 0 366 268 414 319 1 350 323 444 406 2
605_19719378308jpg 301 274 353 325 1 100 213 212 316 0 313 97 427 207 0 284 327 377 416 2 107 323 203 413 2
480_23259223627jpg 317 275 350 320 1 268 92 372 196 0 289 323 374 407 2
550_19730114219jpg 494 216 610 325 0 347 278 400 326 1 334 169 446 274 0 328 332 422 417 2 505 331 594 415 2
350_23929152700jpg 358 42 442 132 0 366 268 414 319 1 349 323 442 404 2
470_19726458553jpg 497 214 609 325 0 332 134 440 239 0 346 273 397 324 1 332 330 425 416 2 505 329 597 414 2
960_21880151989jpg 339 206 444 310 0 508 272 564 325 1 327 331 427 418 2 506 329 589 416 2
970_19749306469jpg 491 215 607 325 0 333 191 443 296 0 325 327 420 418 2 501 330 593 413 2
360_23253679200jpg 316 276 348 321 1 322 94 426 202 0 288 322 375 402 2
1010_21882436781jpg 506 276 562 330 1 338 226 445 331 0 326 338 424 423 2 504 335 586 422 2
410_22953938674jpg 4 458 32 479 1 166 325 249 405 2 330 152 426 248 0 351 273 404 324 1 185 265 239 317 1 337 329 426 413 2
655_19721663099jpg 302 274 353 325 1 322 100 437 205 0 100 213 211 316 0 284 329 374 419 2 105 324 194 412 2
610_19732855969jpg 327 139 439 242 0 492 214 610 324 0 347 274 397 325 1 328 329 426 417 2 503 328 595 416 2
355_22951354804jpg 4 458 31 479 1 163 324 239 403 2 351 273 404 324 1 302 135 410 237 0 186 265 241 317 1 338 331 426 419 2
620_23265681972jpg 317 276 350 321 1 276 94 380 198 0 288 323 376 404 2
690_19723308149jpg 302 274 354 325 1 100 212 212 317 0 296 97 412 207 0 282 328 376 419 2 107 320 195 415 2
450_19725544636jpg 495 214 610 323 0 348 114 456 219 0 346 273 397 324 1 331 329 423 418 2 506 328 595 415 2
320_23927781825jpg 326 35 417 133 0 366 268 414 319 1 351 322 443 405 2
650_23267083311jpg 317 275 350 320 1 267 94 369 196 0 290 324 376 407 2
460_23258309711jpg 316 276 348 321 1 284 94 388 196 0 289 322 374 410 2
990_19750220386jpg 490 214 610 323 0 347 276 396 325 1 334 164 444 269 0 327 330 422 418 2 500 329 593 413 2
610_21864212898jpg 508 272 564 326 1 348 276 399 327 1 343 130 449 234 0 329 329 421 417 2 508 330 596 418 2
880_21876506895jpg 508 272 564 326 1 347 276 397 327 1 341 144 447 249 0 329 330 421 418 2 507 330 590 417 2
750_19739253386jpg 498 215 608 324 0 332 209 442 313 0 326 329 422 418 2 502 330 596 416 2
600_19732399011jpg 493 214 609 324 0 346 274 397 325 1 331 152 440 257 0 327 330 422 417 2 503 327 594 415 2
320_19719604178jpg 493 216 610 324 0 331 20 437 125 0 346 274 398 324 1 333 330 421 399 2 505 330 595 405 2
930_19747478636jpg 493 215 607 324 0 333 209 443 313 0 325 331 421 417 2 503 330 592 415 2
540_23261995841jpg 349 97 454 199 0 316 274 348 320 1 288 324 374 410 2
740_19738796428jpg 490 215 607 325 0 332 209 442 314 0 324 330 422 417 2 500 329 594 416 2
285_22948125632jpg 5 458 31 479 1 163 321 244 404 2 331 111 435 213 0 352 276 403 324 1 185 267 239 318 1 334 328 428 414 2
650_21866040731jpg 509 272 566 326 1 339 133 447 239 0 350 276 398 327 1 330 329 424 417 2 509 329 596 419 2
870_19744736886jpg 492 214 610 323 0 338 138 450 244 0 346 274 398 325 1 327 331 417 418 2 505 329 594 414 2
390_23255050075jpg 368 100 472 199 0 316 275 348 319 1 288 323 375 408 2
590_19731942053jpg 496 216 610 325 0 347 276 396 325 1 333 163 445 269 0 328 329 424 416 2 502 327 595 414 2
575_22961299201jpg 160 322 245 406 2 5 457 32 478 1 323 151 432 251 0 351 273 404 324 1 185 267 239 318 1 337 328 425 415 2
730_19738339469jpg 489 217 608 324 0 332 209 442 313 0 326 330 423 418 2 502 330 594 416 2
300_23926867909jpg 342 36 430 133 0 366 268 414 319 1 350 325 443 406 2
450_22955703868jpg 4 457 32 478 1 162 320 246 406 2 351 273 404 324 1 332 148 436 253 0 185 267 239 319 1 337 327 428 414 2
440_19725087678jpg 493 216 610 323 0 355 100 465 205 0 346 273 397 325 1 333 329 421 417 2 504 329 596 415 2
1000_21881979823jpg 506 276 561 328 1 339 224 445 328 0 326 335 423 420 2 507 334 592 420 2
140_23919556575jpg 327 34 419 134 0 366 268 414 319 1 352 325 441 407 2
830_19742909053jpg 490 214 609 323 0 346 273 397 324 1 341 125 449 229 0 327 330 421 417 2 501 329 593 413 2
60_23239787666jpg 362 99 462 199 0 316 274 348 320 1 288 323 374 403 2
170_23244875136jpg 317 274 350 320 1 265 91 369 196 0 288 323 377 404 2
770_21871480353jpg 508 272 564 325 1 339 202 445 307 0 328 331 425 420 2 508 332 597 417 2
300_23250906986jpg 317 276 350 321 1 280 91 384 197 0 290 323 375 403 2
660_23943318409jpg 332 35 422 136 0 366 268 414 319 1 353 322 445 404 2
605_22962631424jpg 5 457 32 478 1 164 321 247 408 2 330 147 433 252 0 351 273 404 324 1 185 267 239 318 1 336 328 428 415 2
625_19720292224jpg 302 274 353 325 1 324 96 440 207 0 100 210 210 318 0 282 327 374 417 2 107 321 202 414 2
720_19737882511jpg 493 215 608 325 0 332 201 442 306 0 327 331 421 417 2 500 329 593 417 2
520_22958834590jpg 165 320 246 403 2 5 458 32 479 1 304 149 411 247 0 188 266 239 316 1 352 273 404 325 1 336 331 426 417 2
330_22950197176jpg 163 324 250 406 2 5 458 32 479 1 308 111 420 216 0 352 273 406 324 1 186 267 241 318 1 338 330 425 416 2
1070_21885178531jpg 506 279 561 331 1 338 229 445 333 0 326 340 422 424 2 507 336 590 421 2
435_22955037757jpg 5 457 32 478 1 163 320 245 406 2 334 149 438 254 0 185 265 239 317 1 352 273 406 324 1 335 329 427 420 2
780_19740624261jpg 494 215 607 324 0 332 187 442 290 0 326 332 424 417 2 500 330 595 414 2
650_22964629757jpg 165 321 246 405 2 309 150 415 250 0 351 273 404 324 1 186 265 241 317 1 339 330 424 412 2
630_23266169394jpg 317 274 350 320 1 264 92 368 197 0 289 321 377 407 2
550_22960166813jpg 5 457 32 478 1 163 321 245 408 2 320 148 423 252 0 351 273 404 324 1 188 268 239 318 1 336 330 424 419 2
700_19736968594jpg 496 213 610 325 0 347 283 396 327 1 332 178 444 283 0 327 331 422 417 2 502 327 597 415 2
70_23240275088jpg 369 99 475 201 0 316 275 348 319 1 288 324 375 408 2
900_21877420811jpg 349 278 398 326 1 508 273 564 327 1 340 167 446 272 0 329 329 424 418 2 505 331 599 419 2
480_23935093159jpg 327 34 421 136 0 366 268 414 319 1 350 324 441 407 2
720_21869195561jpg 507 272 564 326 1 338 145 442 247 0 349 275 399 325 1 328 330 421 417 2 508 331 593 420 2
325_22949983929jpg 163 321 245 408 2 5 457 32 478 1 306 109 422 217 0 352 274 403 323 1 186 267 241 318 1 336 328 424 412 2
725_19724922735jpg 301 272 354 325 1 100 211 212 316 0 286 99 398 204 0 106 325 194 413 2 285 330 376 418 2
950_19748392553jpg 491 217 607 325 0 333 209 443 313 0 326 332 420 418 2 502 331 593 413 2
320_23251820902jpg 317 276 350 321 1 265 91 371 196 0 289 322 375 408 2
390_19722802886jpg 497 216 610 324 0 370 85 478 188 0 346 274 398 324 1 331 329 421 415 2 506 330 596 414 2
410_23255994455jpg 371 99 472 199 0 316 276 348 321 1 289 322 374 404 2
720_19724679024jpg 302 273 353 324 1 99 211 213 316 0 285 99 398 204 0 107 323 202 412 2 284 329 374 417 2
755_19726293610jpg 302 273 352 324 1 303 98 417 205 0 101 210 211 318 0 281 326 375 415 2 106 325 194 412 2
500_21859186356jpg 508 272 564 326 1 347 275 397 325 1 396 32 504 139 0 331 329 427 420 2 506 330 592 415 2
490_23259680586jpg 317 274 350 320 1 271 92 375 196 0 288 321 374 402 2
485_22957269229jpg 165 321 246 406 2 5 457 32 478 1 318 148 420 251 0 351 273 404 325 1 186 265 241 317 1 337 329 428 416 2
570_23263397180jpg 366 99 464 199 0 315 276 348 321 1 289 323 375 407 2
810_21873308186jpg 508 273 564 327 1 339 196 445 299 0 327 332 421 418 2 504 331 596 419 2
380_19722345928jpg 489 216 610 324 0 363 72 471 177 0 346 274 398 324 1 331 329 422 417 2 505 330 593 414 2
240_23248134772jpg 370 100 473 199 0 315 276 348 321 1 286 323 375 404 2
385_22952754096jpg 5 458 31 479 1 316 151 419 246 0 165 324 243 406 2 352 273 404 324 1 186 265 241 317 1 338 331 425 414 2
490_19727372469jpg 492 214 610 326 0 325 134 435 239 0 346 273 397 324 1 331 330 424 416 2 504 329 596 415 2
640_19734226844jpg 494 214 608 324 0 339 124 447 228 0 347 273 397 324 1 326 328 423 417 2 501 330 594 414 2
600_22962398285jpg 163 320 245 406 2 5 458 32 479 1 330 149 434 254 0 352 273 406 324 1 185 267 239 319 1 338 329 429 416 2
530_22959267563jpg 163 321 245 405 2 5 456 31 480 1 307 150 413 249 0 351 273 404 324 1 188 268 239 318 1 335 328 425 416 2
615_19719835266jpg 302 273 352 324 1 100 211 210 316 0 318 99 434 204 0 108 323 197 410 2 282 328 372 420 2
